          abs_avg_total       abs_max_total      abs_min_total       abs_avg_anchor      abs_max_anchor      abs_min_anchor      abs_avg_agent       abs_max_agent       abs_min_agent      rel_avg_total        rel_max_total       rel_min_total      rel_avg_anchor      rel_max_anchor      rel_min_anchor      rel_avg_agent      rel_max_agent      rel_min_agent
            0.268839            1.398119            0.101606            0.174183            1.311695            0.000469            0.276772            1.396839            0.106549            0.160625            0.431633            0.067167            0.148300            0.393564            0.029966            0.161515            0.333138            0.062467
            0.220813            1.670064            0.083693            0.144007            1.916160            0.000166            0.227982            1.644214            0.078106            0.133954            0.534034            0.032552            0.126104            0.404084            0.023896            0.134411            0.290607            0.033395
            0.326031            2.703694            0.096128            0.279512            3.171956            0.000605            0.328247            2.665165            0.085555            0.151503            0.452343            0.059252            0.146187            0.401545            0.035529            0.151739            0.339422            0.058837
            0.239932            1.980119            0.091267            0.156383            2.162402            0.000101            0.247632            1.983052            0.086897            0.137355            0.745655            0.037401            0.133658            0.380258            0.031886            0.137105            0.291129            0.037401
            0.263169            1.358296            0.097267            0.160635            1.513716            0.000119            0.272768            1.340114            0.101215            0.156970            0.525694            0.053714            0.151880            0.491800            0.026584            0.157104            0.339237            0.056666
            0.253080            1.638385            0.095710            0.157752            1.701700            0.000433            0.261935            1.624891            0.101452            0.150921            0.482147            0.049178            0.138184            0.404791            0.031515            0.151974            0.331297            0.047857
            0.256628            1.722472            0.085453            0.190218            1.331898            0.000235            0.262698            1.713571            0.089609            0.147186            0.369245            0.047343            0.145358            0.378154            0.039639            0.147146            0.338435            0.046290
            0.247936            1.833616            0.082691            0.162599            2.214177            0.000213            0.253846            1.821673            0.083869            0.137017            0.397224            0.052314            0.132337            0.415854            0.028031            0.137258            0.274046            0.052104
            0.254746            1.845750            0.098485            0.159015            1.723891            0.000145            0.262694            1.859158            0.099698            0.147508            0.750730            0.042965            0.140295            0.399266            0.027508            0.147627            0.317254            0.044682
            0.271481            1.711579            0.108070            0.162822            1.940209            0.000015            0.280527            1.678274            0.103116            0.161444            0.434287            0.044591            0.149166            0.466672            0.030047            0.162489            0.342781            0.043555
            0.282267            2.267496            0.101979            0.198016            2.357000            0.000358            0.287752            2.247160            0.098410            0.146515            0.424085            0.043441            0.147555            0.440281            0.035043            0.146107            0.307974            0.043443
            0.269086            1.938610            0.100457            0.214770            1.920969            0.000496            0.273595            1.932215            0.097026            0.139844            0.486352            0.051401            0.136903            0.366173            0.035828            0.139793            0.325009            0.050676
            0.255414            1.721025            0.106087            0.155294            1.831703            0.000018            0.264322            1.705885            0.108178            0.155374            0.543392            0.043186            0.144097            0.438432            0.042087            0.156178            0.382727            0.042475
            0.268983            1.842578            0.099983            0.169888            1.994549            0.000185            0.277421            1.832580            0.101866            0.151894            0.404511            0.054752            0.144319            0.401484            0.037672            0.152458            0.336846            0.053469
            0.282224            1.649327            0.090432            0.229856            2.018884            0.000950            0.285103            1.627120            0.090058            0.148961            0.607900            0.042238            0.152040            0.468510            0.035985            0.148112            0.302576            0.039892
            0.226297            1.596367            0.089308            0.140997            1.933732            0.000105            0.233505            1.562906            0.088745            0.136547            0.496480            0.038427            0.124954            0.365484            0.031932            0.137449            0.297334            0.039063
            0.283719            2.022655            0.102174            0.210299            1.976641            0.000002            0.289902            2.009593            0.097674            0.151728            0.555654            0.052938            0.149491            0.469581            0.038942            0.151511            0.336049            0.048575
            0.275319            1.820720            0.100113            0.202655            1.845229            0.000202            0.282303            1.806477            0.104386            0.150011            0.535478            0.061852            0.139640            0.396649            0.042277            0.150737            0.310620            0.062532
            0.246059            1.773790            0.099649            0.167133            2.015285            0.000019            0.253319            1.756285            0.098652            0.144814            0.373271            0.049426            0.137841            0.340499            0.037631            0.145340            0.306251            0.047722
            0.308210            2.407095            0.097736            0.242418            2.487974            0.000057            0.311592            2.414120            0.088279            0.143849            0.430810            0.052915            0.141532            0.402884            0.026126            0.143788            0.310557            0.055891
            0.353081            2.838417            0.086568            0.320235            2.608242            0.000265            0.353037            2.830099            0.084955            0.146032            0.405590            0.035183            0.157868            0.511864            0.040346            0.144426            0.285482            0.033184
            0.399010            3.045727            0.110839            0.405322            2.891042            0.000306            0.394850            3.012128            0.107876            0.167476            0.532676            0.062022            0.191026            0.533557            0.046231            0.164430            0.332612            0.058008
            0.419951            2.922120            0.108278            0.438951            3.287358            0.000770            0.415228            2.898638            0.103875            0.156367            0.562256            0.058353            0.193754            0.579364            0.044958            0.151774            0.322728            0.049853
            0.411641            2.713281            0.098310            0.422315            2.632895            0.000335            0.408514            2.702657            0.067239            0.163694            0.636439            0.059505            0.192473            0.612359            0.049443            0.159962            0.324554            0.058212
            0.387637            3.127953            0.117527            0.362202            3.308322            0.000719            0.385591            3.131204            0.102915            0.157563            0.565832            0.059509            0.176710            0.536257            0.046511            0.154988            0.322990            0.056791
            0.369313            2.726227            0.110954            0.339544            2.810187            0.000418            0.369809            2.733241            0.107235            0.159658            0.621290            0.066128            0.168770            0.555419            0.051667            0.158130            0.320989            0.064644
            0.420153            3.612366            0.094395            0.424460            4.014712            0.000529            0.418272            3.581646            0.092753            0.159459            0.604806            0.048710            0.188057            0.670067            0.033413            0.155786            0.337156            0.047280
            0.379912            2.185202            0.100856            0.364024            2.091102            0.000745            0.378437            2.197968            0.101593            0.154359            0.657615            0.055073            0.170244            0.475368            0.042281            0.152040            0.386111            0.054659
            0.406598            3.341667            0.123662            0.412102            3.357926            0.000884            0.400706            3.368734            0.114949            0.158893            0.352598            0.048964            0.193275            0.712317            0.033458            0.154921            0.334868            0.046491
            0.396931            2.603431            0.114261            0.392970            2.659081            0.000282            0.395400            2.593073            0.095927            0.160529            0.344268            0.056482            0.187810            0.765393            0.040762            0.157292            0.284827            0.055327
            0.439936            3.220724            0.078326            0.465747            3.987011            0.000194            0.436020            3.172320            0.074101            0.159389            0.521036            0.062102            0.203731            0.628583            0.039307            0.154061            0.316237            0.062325
            0.405393            3.067506            0.094039            0.384666            3.426817            0.001049            0.404005            3.057873            0.102098            0.163693            0.615668            0.053747            0.188410            0.571144            0.047816            0.160439            0.354322            0.053674
            0.359193            2.837178            0.108753            0.348057            2.333350            0.000292            0.356648            2.869960            0.104534            0.151998            0.411151            0.055554            0.167892            0.434226            0.036653            0.149956            0.315204            0.054251
            0.383408            2.942882            0.105541            0.389102            3.063515            0.000116            0.379888            2.958916            0.095707            0.152989            0.660001            0.056110            0.184639            0.787448            0.027787            0.148908            0.329750            0.053559
            0.390298            3.103684            0.118285            0.381157            3.094853            0.001007            0.385382            3.122752            0.107574            0.155604            0.550860            0.041922            0.189190            0.588158            0.026204            0.151429            0.310375            0.042894
            0.378960            2.750403            0.106642            0.376820            3.007492            0.000057            0.374961            2.725161            0.086604            0.152679            0.540746            0.058011            0.179664            0.510939            0.026037            0.149252            0.307386            0.049913
            0.384508            3.062716            0.107205            0.370174            3.548983            0.000029            0.381638            3.034490            0.109694            0.162027            0.610825            0.063149            0.181618            0.562170            0.047778            0.159340            0.334931            0.059977
            0.342467            2.824172            0.110029            0.319188            3.233638            0.000594            0.342311            2.780124            0.094039            0.158282            0.322860            0.062631            0.174251            0.520154            0.026752            0.156341            0.332517            0.060151
            0.348700            3.008641            0.104605            0.344999            3.461613            0.001405            0.347185            2.992143            0.088424            0.151324            0.755482            0.046966            0.163501            0.438482            0.036141            0.149307            0.322603            0.045646
            0.426769            3.224473            0.108952            0.448984            3.813612            0.001498            0.422308            3.202286            0.092474            0.161645            0.515760            0.052700            0.195433            0.696528            0.035810            0.157485            0.392413            0.054577
            0.396460            3.054776            0.115222            0.426175            3.534856            0.000478            0.390410            3.021169            0.115989            0.161106            0.432718            0.057957            0.211450            0.767676            0.038341            0.155211            0.323595            0.058007
            0.421231            2.900819            0.122200            0.433378            2.858138            0.001479            0.415562            2.915305            0.109654            0.170388            0.538505            0.055553            0.233495            0.859206            0.037879            0.162956            0.346422            0.057517
            0.416742            3.186710            0.099627            0.451759            3.227913            0.000125            0.409829            3.204253            0.081013            0.164204            0.501253            0.044148            0.223817            0.838740            0.040477            0.157213            0.301327            0.043458
            0.432904            2.827426            0.120819            0.451224            2.933097            0.000135            0.428289            2.798401            0.120079            0.175586            0.530662            0.070051            0.223997            0.703246            0.042440            0.169799            0.343720            0.068770
            0.452684            2.503263            0.140095            0.414241            2.538306            0.000440            0.450315            2.507504            0.123045            0.177263            0.388358            0.064702            0.222073            0.740298            0.057697            0.172047            0.376543            0.055937
            0.463715            3.475667            0.133086            0.490830            3.712765            0.000104            0.458508            3.451826            0.118599            0.175402            0.382483            0.062418            0.218739            0.717415            0.044995            0.170359            0.314435            0.062781
            0.465486            3.013387            0.080436            0.471145            3.035292            0.000856            0.460432            3.028587            0.078112            0.166488            0.326812            0.047415            0.222191            0.757595            0.049848            0.160173            0.330691            0.043841
            0.469041            2.959030            0.105555            0.472109            2.763756            0.000112            0.464915            2.945899            0.089300            0.164287            0.571693            0.061435            0.216335            0.870649            0.049158            0.158053            0.343724            0.059381
            0.449839            3.664670            0.107888            0.444047            3.189603            0.000128            0.446138            3.690041            0.108223            0.168663            0.456294            0.048967            0.221554            0.924192            0.037131            0.162461            0.342873            0.044667
            0.433046            3.193288            0.124381            0.451234            3.618209            0.002997            0.427605            3.137794            0.113828            0.167369            0.626760            0.061267            0.219946            0.845743            0.038284            0.161017            0.309220            0.058297
            0.459126            3.449647            0.134676            0.446572            3.529382            0.000542            0.455666            3.445838            0.120929            0.167381            0.311227            0.049027            0.220228            0.786050            0.039444            0.161397            0.311432            0.050091
            0.446514            3.373052            0.103802            0.471674            3.829811            0.000350            0.440646            3.358635            0.092149            0.158283            0.447502            0.057756            0.216804            0.747730            0.046756            0.151469            0.308341            0.049234
            0.449435            3.588984            0.118137            0.447069            2.914178            0.000107            0.443436            3.630753            0.093988            0.165350            0.602816            0.063235            0.224061            0.798277            0.045143            0.158332            0.313451            0.054079
            0.465126            3.160149            0.094912            0.499440            3.037016            0.000069            0.460438            3.194148            0.097647            0.173022            0.520109            0.054855            0.224798            0.782823            0.040969            0.166874            0.319767            0.053069
            0.456894            3.270358            0.089647            0.469497            3.358689            0.000619            0.452926            3.270077            0.085172            0.165444            0.473702            0.054404            0.221237            0.794584            0.048487            0.158910            0.343258            0.049230
            0.476347            2.908110            0.111467            0.479496            2.843856            0.000323            0.471753            2.895024            0.105658            0.170106            0.466143            0.059611            0.217919            0.779366            0.037682            0.164459            0.298777            0.060331
            0.443951            2.900123            0.132431            0.455731            2.531275            0.000249            0.438696            2.928414            0.116723            0.176509            0.541330            0.055602            0.225065            0.778238            0.040781            0.170701            0.347432            0.051484
            0.434214            3.190696            0.113613            0.458170            3.102210            0.000117            0.428575            3.179468            0.094555            0.163215            0.530335            0.058927            0.217514            0.844679            0.033426            0.156788            0.342606            0.058248
            0.453135            3.143131            0.134074            0.459289            3.224412            0.000839            0.447730            3.124255            0.108879            0.169545            0.557371            0.068705            0.228608            0.868384            0.023404            0.162544            0.359776            0.070802
            0.497655            3.377400            0.100246            0.514721            3.767576            0.000260            0.493557            3.347366            0.098465            0.166626            0.386888            0.052989            0.215967            0.731958            0.045304            0.160902            0.311849            0.050664
